ParabolMax:0:12:28:9.49
ReumablocGel:0:3:26:18.79
Ketalgo:0:7:23:12.79
Monozid:7:5:24:10.09
Akineton:7:11:29:3.93
Atarax:6:8:25:2.96
Nazopas:3:7:28:9.89
Bronhobioklir:4:10:27:12.80
Korizalia:6:12:26:8.09
Sinupret:6:11:27:16.49
Probien:5:2:29:10.39
BeautinColagen:2:11:25:59.69
Eutirox:7:9:30:1.550000
Paracetamol:1:9:34:5.000000
